model          anger      happiness        sadness       surprise           mean
rand          28.87 / 5.72     24.46 / 9.32     20.11 / 12.56    12.09 / 6.05     21.38  / 10.81
SVM           35.54 / 7.07     25.99 / 11.92    19.46 / 13.49    10.39 / 6.28     22.85  / 13.70
Linear        31.04 / 5.59     28.27 / 14.65    23.01 / 14.58    5.34  / 6.63     21.92  / 15.02
CNN           17.23 / 13.09    16.11 / 16.69    13.08 / 15.29    13.48 / 14.26    14.98  / 14.99
attCNN        22.97 / 10.98    17.85 / 16.69    13.25 / 16.23    7.18  / 11.06    15.31  / 15.17
BiLSTM        33.34 / 10.76    32.31 / 18.72    19.69 / 18.38    14.96 / 10.53    25.07  / 17.08
JointBiLSTM   47.04 / 20.24    34.09 / 19.41    22.20 / 19.90    19.82 / 18.81    30.79  / 22.39

GLOBAL
               rand     SVM  Linear     CNN  attCNN  BiLSTM  JointBiLSTM
rand         100.00   64.22   87.26    5.87    7.50   31.39         4.09
SVM           64.22  100.00   80.01    3.49    4.44   57.33         9.82
Linear        87.26   80.01  100.00    7.34    8.99   44.27         7.25
CNN            5.87    3.49    7.34  100.00   93.04    1.62         0.19
attCNN         7.50    4.44    8.99   93.04  100.00    2.05         0.24
BiLSTM        31.39   57.33   44.27    1.62    2.05  100.00        26.33
JointBiLSTM    4.09    9.82    7.25    0.19    0.24   26.33       100.00


ANGER
               rand     SVM  Linear     CNN  attCNN  BiLSTM  JointBiLSTM
rand         100.00    7.37   48.50    5.75   23.41   35.44         5.13
SVM            7.37  100.00   20.88    0.78    2.56   65.80        19.10
Linear        48.50   20.88  100.00    2.91   11.25   62.74         7.84
CNN            5.75    0.78    2.91  100.00   38.93    2.53         0.67
attCNN        23.41    2.56   11.25   38.93  100.00    9.62         1.87
BiLSTM        35.44   65.80   62.74    2.53    9.62  100.00        14.30
JointBiLSTM    5.13   19.10    7.84    0.67    1.87   14.30       100.00


HAPPINESS
               rand     SVM  Linear     CNN  attCNN  BiLSTM  JointBiLSTM
rand         100.00   79.24   57.14   27.27   38.02   34.32        26.37
SVM           79.24  100.00   75.40   22.54   31.32   46.60        36.61
Linear        57.14   75.40  100.00   16.97   23.50   66.06        53.79
CNN           27.27   22.54   16.97  100.00   84.86   10.99         8.48
attCNN        38.02   31.32   23.50   84.86  100.00   14.98        11.60
BiLSTM        34.32   46.60   66.06   10.99   14.98  100.00        86.39
JointBiLSTM   26.37   36.61   53.79    8.48   11.60   86.39       100.00


SADNESS
               rand     SVM  Linear     CNN  attCNN  BiLSTM  JointBiLSTM
rand         100.00   92.66   69.64   36.40   39.21   96.07        81.85
SVM           92.66  100.00   64.35   42.23   44.96   97.91        76.81
Linear        69.64   64.35  100.00   23.43   25.64   71.38        93.20
CNN           36.40   42.23   23.43  100.00   98.47   47.74        35.41
attCNN        39.21   44.96   25.64   98.47  100.00   49.86        37.27
BiLSTM        96.07   97.91   71.38   47.74   49.86  100.00        80.99
JointBiLSTM   81.85   76.81   93.20   35.41   37.27   80.99       100.00


SURPRISE
               rand     SVM  Linear     CNN  attCNN  BiLSTM  JointBiLSTM
rand         100.00   61.46    6.69   81.68   32.58   54.36        32.92
SVM           61.46  100.00   16.58   61.15   51.84   34.42        24.17
Linear         6.69   16.58  100.00   20.12   71.23    6.37         8.81
CNN           81.68   61.15   20.12  100.00   37.25   82.87        48.99
attCNN        32.58   51.84   71.23   37.25  100.00   19.92        15.30
BiLSTM        54.36   34.42    6.37   82.87   19.92  100.00        56.29
JointBiLSTM   32.92   24.17    8.81   48.99   15.30   56.29       100.00



BEST RESULTS FOR EACH EMOTION
emotion     model                 p               r               f
anger       JointBiLSTM-full-hh   57.59 / 20.81   53.98 / 28.59   49.96 / 19.87
happiness   JointBiLSTM-full      42.52 / 29.64   43.27 / 16.85   37.01 / 20.75
sadness     SVM                   28.29 / 21.64   29.45 / 19.25   25.76 / 16.22
surprise    JointBiLSTM-full      33.46 / 26.12   30.32 / 25.08   25.04 / 15.59
